0,84,12
1,84,36
2,108,36
3,84,60
4,84,84
5,84,108
6,84,132
7,84,156
8,108,156
9,132,156
10,156,156
11,180,156
12,204,156
13,228,156
14,252,156
15,276,156
16,300,156
17,324,156
18,348,156
19,372,156
20,396,156
21,132,36
22,156,36
23,180,36
24,204,36
25,228,36
26,252,36
27,276,36
28,300,36
29,324,36
30,348,36
31,372,36
32,396,36
33,396,60
34,396,84
35,396,108
36,396,132
37,396,180
38,396,204
39,396,228
40,396,252
41,396,276
42,372,276

0-1
1-2-3
3-4
4-5
5-6
6-7
7-8
8-9
9-10
10-11
11-12
12-13
13-14
14-15
15-16
16-17
17-18
18-19
19-20
20-37
21-22
22-23
23-24
24-25
25-26
26-27
27-28
28-29
29-30
30-31
31-32
32-33
33-34
34-35
35-36
36-20
37-38
38-39
39-40
40-41
41-42
2-21
